time (s)	theta (A)	maj axis/z0	min axis/z0	crossing#mod 255
8502.971897	76.710136	1.405726	-0.347042	183
8504.985599	76.146614	1.402935	-0.345755	185
8506.999329	75.507523	1.399990	-0.344165	187
8509.013534	75.218849	1.398218	-0.342860	189
8511.027936	75.148972	1.393659	-0.341211	191
8513.044160	75.354706	1.392675	-0.340982	193
8515.059841	75.634590	1.390379	-0.340142	195
8517.074248	75.584335	1.389376	-0.338967	197
8519.086798	75.012253	1.390915	-0.338247	199
8521.098707	74.235298	1.390887	-0.337903	201
8523.111480	73.498116	1.388731	-0.337179	203
8525.125336	72.940048	1.382983	-0.335156	205
8527.140343	72.738762	1.381295	-0.334438	207
8529.155289	72.711784	1.379828	-0.333695	209
8531.170102	72.738426	1.378306	-0.333326	211
8533.184634	72.700500	1.379076	-0.333459	213
8535.199043	72.523109	1.378993	-0.333409	215
8537.213241	72.372215	1.375508	-0.332193	217
8539.226919	72.126640	1.372267	-0.330601	219
8541.240674	71.786110	1.372425	-0.329564	221
8543.254045	71.384087	1.370475	-0.328215	223
8545.266733	71.024719	1.368617	-0.327021	225
8547.279676	70.470634	1.365988	-0.326094	227
8549.293610	70.112022	1.363217	-0.325406	229
8551.308234	69.906494	1.358078	-0.323844	231
8553.323431	69.962646	1.356024	-0.322932	233
8555.338832	70.141006	1.351491	-0.321152	235
8557.353800	70.256607	1.350065	-0.320112	237
8559.367940	70.104988	1.347893	-0.318511	239
8561.381077	69.636642	1.346962	-0.316944	241
8563.393948	69.047119	1.346510	-0.315790	243
8565.406747	68.583786	1.345780	-0.315051	245
8567.419751	68.163513	1.341960	-0.313992	247
8569.433209	67.781708	1.340581	-0.313491	249
8571.447368	67.459480	1.339855	-0.313259	251
8573.461545	67.196533	1.342582	-0.313381	253
8575.475388	67.017380	1.341600	-0.312812	255
8577.489568	66.767616	1.336818	-0.310405	1
8579.503639	66.439240	1.332164	-0.308180	3
8581.517567	66.273117	1.331718	-0.307314	5
8583.531626	66.210022	1.333093	-0.306970	7
8585.546173	66.218056	1.330217	-0.305794	9
8587.561187	66.230659	1.326345	-0.304230	11
8589.576245	66.361687	1.323722	-0.302956	13
8591.591299	66.584900	1.319719	-0.301784	15
8593.605427	66.505440	1.318480	-0.301147	17
8595.619073	66.119583	1.319144	-0.300639	19
8597.632022	65.521744	1.316845	-0.299326	21
8599.644574	64.786705	1.314829	-0.298134	23
8601.657621	64.292648	1.312098	-0.297076	25
8603.670891	63.881302	1.309665	-0.295647	27
8605.684720	63.608639	1.306310	-0.294126	29
8607.698694	63.489243	1.305400	-0.292827	31
8609.712910	63.369373	1.304649	-0.291495	33
8611.726962	63.211418	1.301416	-0.290895	35
8613.740785	63.050312	1.299491	-0.290022	37
8615.754911	62.802811	1.299297	-0.289815	39
8617.768422	62.589561	1.297234	-0.288092	41
8619.781988	62.443546	1.294224	-0.287265	43
8621.795609	62.120575	1.289730	-0.285476	45
8623.809581	61.950356	1.287999	-0.284889	47
8625.823604	61.776802	1.286127	-0.284232	49
8627.838158	61.784103	1.284486	-0.283850	51
8629.853291	61.842411	1.284582	-0.283708	53
8631.868362	61.847298	1.284826	-0.283503	55
8633.883375	61.889999	1.284474	-0.282639	57
8635.897512	61.838310	1.283233	-0.281574	59
8637.911245	61.632862	1.281999	-0.280661	61
8639.924640	61.222881	1.282429	-0.279802	63
8641.937562	60.869690	1.281114	-0.279198	65
8643.950570	60.430305	1.279538	-0.278148	67
8645.963554	60.088039	1.277371	-0.276958	69
8647.976990	59.789703	1.273687	-0.275578	71
8649.990746	59.577717	1.269145	-0.273546	73
8652.004703	59.350231	1.264923	-0.272018	75
8654.018526	59.132133	1.262285	-0.270530	77
8656.032479	59.038811	1.259570	-0.269036	79
8658.046589	58.867256	1.257530	-0.268398	81
8660.061036	58.760735	1.256157	-0.267439	83
8662.075651	58.785255	1.255839	-0.266961	85
8664.090136	58.882217	1.255348	-0.266553	87
8666.104817	58.944912	1.254389	-0.266126	89
8668.119481	58.955330	1.254281	-0.265547	91
8670.133783	58.931637	1.252933	-0.265163	93
8672.147615	58.795986	1.250300	-0.264403	95
8674.160654	58.405907	1.248912	-0.263059	97
8676.173643	57.932289	1.247215	-0.261909	99
8678.186614	57.421978	1.247063	-0.261236	101
8680.199609	57.009666	1.245268	-0.260308	103
8682.212820	56.700977	1.243448	-0.259425	105
8684.226001	56.484432	1.240938	-0.258786	107
8686.239572	56.211712	1.238211	-0.257356	109
8688.253490	56.032116	1.236302	-0.256339	111
8690.267132	55.844170	1.233792	-0.255250	113
8692.280792	55.744095	1.231200	-0.254215	115
8694.294667	55.658100	1.229049	-0.252836	117
8696.308266	55.471054	1.225224	-0.251820	119
8698.321956	55.273506	1.222831	-0.250165	121
8700.336241	55.213722	1.222797	-0.249760	123
8702.350383	55.153316	1.220662	-0.249388	125
8704.365279	55.156559	1.220029	-0.248511	127
8706.379757	55.225018	1.217979	-0.247492	129
8708.394631	55.248363	1.216379	-0.246490	131
8710.408852	55.303253	1.215819	-0.245478	133
8712.423211	55.235706	1.213867	-0.244384	135
8714.436921	55.005322	1.213260	-0.243502	137
8716.450332	54.749397	1.212952	-0.243019	139
8718.463457	54.547230	1.211833	-0.242443	141
8720.476422	54.203762	1.210600	-0.241471	143
8722.489551	53.893993	1.208361	-0.240410	145
8724.502836	53.624107	1.205763	-0.239668	147
8726.515984	53.304886	1.204971	-0.238780	149
8728.529449	53.208923	1.202193	-0.237933	151
8730.543305	53.078461	1.198081	-0.236147	153
8732.557254	52.887074	1.195513	-0.234957	155
8734.571151	52.733124	1.193808	-0.234104	157
8736.585234	52.690357	1.192316	-0.233363	159
8738.599571	52.701756	1.190235	-0.232536	161
8740.613964	52.749969	1.189590	-0.231575	163
8742.628793	52.752781	1.188315	-0.231190	165
8744.642872	52.799702	1.187293	-0.230257	167
8746.656931	52.792244	1.184991	-0.229801	169
8748.670837	52.674557	1.183725	-0.228943	171
8750.684151	52.468708	1.183454	-0.228589	173
8752.697197	52.138000	1.183395	-0.227884	175
8754.710038	51.789764	1.182443	-0.227512	177
8756.723297	51.456871	1.183064	-0.226778	179
8758.736443	51.120365	1.180702	-0.226166	181
8760.749478	50.782173	1.177972	-0.225113	183
8762.762561	50.553665	1.176682	-0.224428	185
8764.776405	50.418205	1.174562	-0.223344	187
8766.789923	50.227829	1.172340	-0.222319	189
8768.803614	50.100311	1.170748	-0.221488	191
8770.817175	49.967495	1.169253	-0.220594	193
8772.830789	49.917389	1.167645	-0.219774	195
8774.845066	49.865776	1.166199	-0.218810	197
8776.859372	49.776432	1.165076	-0.217958	199
8778.873672	49.819630	1.163019	-0.216735	201
8780.887895	49.852966	1.160010	-0.215199	203
8782.902217	49.856380	1.157009	-0.214501	205
8784.916627	49.870892	1.154130	-0.212935	207
8786.930934	49.860992	1.152588	-0.211920	209
8788.945045	49.769852	1.151900	-0.211127	211
8790.958782	49.676540	1.150451	-0.210404	213
8792.972113	49.478699	1.147813	-0.209241	215
8794.985182	49.260174	1.148523	-0.208707	217
8796.998421	49.051979	1.146237	-0.207690	219
8799.011499	48.787804	1.144168	-0.206780	221
8801.024473	48.600037	1.142490	-0.206190	223
8803.037581	48.386894	1.139639	-0.205409	225
8805.051130	48.283188	1.139794	-0.205397	227
8807.064799	48.114788	1.139268	-0.204998	229
8809.078530	47.948494	1.138431	-0.204292	231
8811.092436	47.933727	1.138101	-0.203491	233
8813.106171	47.856663	1.135051	-0.202163	235
8815.120191	47.878525	1.132486	-0.201114	237
8817.134471	47.800385	1.130578	-0.200543	239
8819.148767	47.810970	1.128547	-0.200141	241
8821.162809	47.832615	1.128335	-0.199928	243
8823.176782	47.846237	1.127194	-0.199368	245
8825.190580	47.778576	1.124388	-0.198514	247
