time (s)	theta (A)	maj axis/z0	min axis/z0	crossing#mod 255
4211.546081	75.260345	1.254559	-0.142977	41
4213.555842	75.138344	1.254040	-0.143601	43
4215.566533	75.029678	1.247444	-0.146086	45
4217.580815	75.082802	1.240222	-0.149614	47
4219.598052	75.058037	1.236566	-0.150717	49
4221.612765	75.079163	1.238635	-0.150015	51
4223.624289	74.721581	1.240690	-0.151715	53
4225.634642	74.338219	1.236080	-0.152863	55
4227.646712	73.964157	1.230361	-0.154288	57
4229.660127	73.860924	1.225351	-0.155900	59
4231.674283	73.790657	1.224364	-0.157446	61
4233.688076	73.802177	1.222341	-0.158850	63
4235.701602	73.695549	1.219627	-0.159813	65
4237.715102	73.485886	1.218071	-0.161273	67
4239.727931	73.173439	1.218781	-0.162240	69
4241.740003	72.830475	1.215664	-0.163390	71
4243.752442	72.581055	1.214561	-0.164632	73
4245.766653	72.532845	1.210470	-0.164532	75
4247.781922	72.945152	1.208682	-0.165305	77
4249.797863	73.544136	1.209518	-0.167178	79
4251.812338	73.829597	1.210290	-0.168986	81
4253.824089	73.280075	1.210535	-0.170572	83
4255.834218	72.179062	1.208441	-0.170681	85
4257.845181	71.381760	1.202402	-0.169769	87
4259.858723	71.398575	1.197253	-0.169993	89
4261.874109	72.026985	1.195340	-0.171353	91
4263.889655	72.625038	1.193652	-0.172342	93
4265.903956	72.747070	1.194164	-0.174412	95
4267.917205	72.497742	1.193484	-0.175070	97
4269.929208	72.126389	1.194823	-0.176706	99
4271.941333	71.695053	1.195223	-0.177402	101
4273.953717	71.352318	1.192449	-0.177389	103
4275.966404	71.201149	1.190448	-0.177980	105
4277.979788	71.167763	1.187585	-0.178662	107
4279.993686	71.088799	1.186173	-0.179254	109
4282.007459	71.073715	1.183711	-0.179507	111
4284.020814	71.033318	1.181211	-0.179013	113
4286.033406	70.723068	1.179843	-0.178715	115
4288.044412	70.346817	1.180790	-0.179570	117
4290.055006	69.907654	1.178805	-0.179550	119
4292.065800	69.544952	1.174303	-0.180010	121
4294.078450	69.498703	1.168554	-0.180347	123
4296.092913	69.599434	1.163105	-0.180532	125
4298.108395	69.639137	1.162704	-0.181073	127
4300.123333	69.754105	1.161592	-0.181071	129
4302.136658	69.651871	1.159994	-0.181035	131
4304.148340	69.477692	1.159276	-0.180777	133
4306.159616	69.169289	1.157522	-0.180464	135
4308.171139	68.851395	1.155308	-0.180872	137
4310.183180	68.552544	1.153650	-0.181624	139
4312.195264	68.302391	1.149376	-0.181518	141
4314.207762	68.104965	1.146469	-0.181954	143
4316.220977	67.943199	1.145000	-0.182713	145
4318.234335	67.977386	1.143139	-0.182866	147
4320.248433	68.080910	1.141287	-0.183918	149
4322.262558	68.314209	1.139698	-0.183681	151
4324.276649	68.542015	1.139471	-0.184314	153
4326.289635	68.539558	1.139296	-0.184740	155
4328.301671	68.168083	1.138642	-0.185473	157
4330.312427	67.510178	1.137712	-0.185358	159
4332.322468	66.833969	1.136061	-0.185746	161
4334.333442	66.159599	1.132427	-0.185159	163
4336.345818	65.898026	1.128637	-0.184550	165
4338.358891	65.892189	1.124968	-0.184288	167
4340.373268	66.219437	1.123223	-0.183953	169
4342.387310	66.455231	1.122190	-0.184144	171
4344.401018	66.651756	1.122551	-0.184797	173
4346.414802	66.743721	1.122015	-0.184880	175
4348.427768	66.600204	1.120963	-0.184856	177
4350.440361	66.453270	1.119135	-0.184531	179
4352.453203	66.365417	1.116691	-0.184493	181
4354.465330	66.109810	1.115117	-0.184468	183
4356.477486	65.931900	1.114000	-0.183784	185
4358.489378	65.705338	1.114423	-0.183496	187
4360.500505	65.212921	1.112659	-0.183641	189
4362.511484	64.912506	1.111577	-0.183559	191
4364.522336	64.530304	1.108239	-0.183218	193
4366.533528	64.299156	1.105772	-0.183451	195
4368.545552	64.123825	1.103598	-0.183523	197
4370.558559	64.153557	1.100833	-0.183590	199
4372.572726	64.174911	1.098661	-0.183510	201
4374.587003	64.264496	1.096033	-0.183386	203
4376.601214	64.448921	1.094482	-0.182904	205
4378.614594	64.449387	1.092912	-0.182330	207
4380.627179	64.425423	1.093039	-0.182141	209
4382.639094	64.241287	1.091074	-0.181637	211
4384.650715	64.088264	1.090435	-0.181871	213
4386.662601	63.840183	1.088322	-0.181710	215
4388.674671	63.720531	1.086954	-0.181698	217
4390.687126	63.600082	1.084737	-0.181552	219
4392.699350	63.507847	1.082022	-0.181422	221
4394.712275	63.446133	1.081734	-0.181886	223
4396.725058	63.506283	1.078006	-0.181116	225
4398.737680	63.478191	1.077061	-0.180821	227
4400.749850	63.386364	1.076061	-0.181056	229
4402.761570	63.094650	1.074089	-0.180532	231
4404.772455	62.707516	1.070181	-0.179854	233
4406.782670	62.173435	1.069451	-0.179899	235
4408.793221	61.605797	1.067457	-0.179208	237
4410.803905	61.156765	1.065299	-0.178162	239
4412.815524	60.871326	1.064015	-0.178027	241
4414.827312	60.730675	1.061927	-0.177837	243
4416.840507	60.744766	1.059761	-0.177104	245
4418.853621	60.867153	1.058196	-0.177117	247
4420.866846	61.006229	1.058020	-0.176886	249
4422.879666	60.998070	1.057640	-0.176738	251
4424.892403	61.002060	1.056851	-0.176657	253
4426.904914	60.894238	1.056044	-0.176800	255
4428.916962	60.793522	1.053853	-0.176652	1
4430.928343	60.624222	1.051769	-0.176439	3
4432.940199	60.403755	1.051103	-0.176772	5
4434.951763	60.153400	1.048599	-0.175524	7
4436.962651	59.942673	1.046394	-0.175718	9
4438.974057	59.665501	1.044448	-0.175477	11
4440.985022	59.525745	1.042210	-0.175333	13
4442.997120	59.367435	1.041221	-0.175545	15
4445.009642	59.375168	1.038703	-0.175241	17
4447.022640	59.463524	1.036437	-0.175260	19
4449.036388	59.491299	1.036013	-0.175282	21
4451.049858	59.588379	1.033708	-0.174618	23
4453.063282	59.651382	1.033510	-0.174287	25
4455.076539	59.679588	1.031813	-0.173618	27
4457.089057	59.681618	1.029741	-0.172583	29
4459.101334	59.608765	1.028363	-0.171698	31
4461.113040	59.529736	1.026548	-0.172051	33
4463.124744	59.335575	1.026049	-0.170903	35
4465.136665	59.250053	1.025449	-0.170773	37
4467.148759	59.204052	1.024595	-0.170778	39
4469.160315	59.091869	1.022983	-0.170854	41
4471.172665	59.100166	1.022142	-0.170477	43
4473.184974	58.962486	1.019595	-0.169531	45
4475.196184	58.775555	1.018234	-0.169674	47
4477.207608	58.607468	1.016984	-0.169259	49
4479.218478	58.312477	1.016020	-0.169232	51
4481.229159	57.945618	1.014707	-0.168877	53
4483.239137	57.557884	1.011377	-0.167831	55
4485.249654	57.123951	1.009935	-0.167332	57
4487.260111	56.794228	1.008192	-0.166902	59
4489.271082	56.546635	1.006094	-0.166041	61
4491.282977	56.425644	1.003772	-0.165664	63
4493.295405	56.344975	1.002398	-0.165256	65
4495.306812	56.286892	1.001701	-0.164940	67
4497.319029	56.219379	1.000872	-0.164889	69
4499.331485	56.226784	1.000004	-0.165292	71
4501.343347	56.209278	0.999426	-0.164594	73
4503.355587	56.110634	0.997060	-0.163855	75
4505.367126	55.996719	0.996262	-0.163940	77
4507.378323	55.845016	0.996820	-0.164104	79
4509.390084	55.715130	0.995572	-0.164590	81
4511.401595	55.586266	0.992327	-0.163875	83
4513.412455	55.412682	0.989791	-0.163257	85
4515.424481	55.398396	0.989570	-0.163211	87
4517.436423	55.327839	0.987904	-0.163057	89
