crossing time (s)	slope (V/s)	crossing number
5134.319565	7.143080	2742
5135.331636	7.026855	2743
5136.332064	7.165740	2744
5137.343443	6.940445	2745
5138.346867	7.133144	2746
5139.351269	6.825890	2747
5140.361356	7.143311	2748
5141.362780	6.851156	2749
5142.375189	7.134552	2750
5143.374874	6.940613	2751
5144.385569	7.074896	2752
5145.388007	6.973921	2753
5146.397057	7.012236	2754
5147.401891	6.916446	2755
5148.407733	7.003153	2756
5149.416148	6.853439	2757
5150.416785	7.020133	2758
5151.430912	6.799711	2759
5152.430249	7.088465	2760
5153.440972	6.834062	2761
5154.444076	7.062590	2762
5155.451826	6.817516	2763
5156.456469	7.090821	2764
5157.463214	6.765157	2765
5158.470357	7.024509	2766
5159.474901	6.753501	2767
5160.482365	7.033752	2768
5161.485478	6.748638	2769
5162.495463	6.929840	2770
5163.496656	6.675619	2771
5164.507729	6.924934	2772
5165.511006	6.610270	2773
5166.518236	6.936426	2774
5167.525333	6.642060	2775
5168.529703	6.867315	2776
5169.538563	6.635898	2777
5170.541118	6.910795	2778
5171.551064	6.652432	2779
5172.551285	6.906076	2780
5173.563301	6.672302	2781
5174.562358	6.805866	2782
5175.575242	6.695013	2783
5176.577935	6.749554	2784
5177.584673	6.734319	2785
5178.591412	6.714169	2786
5179.595497	6.706905	2787
5180.606775	6.741844	2788
5181.606892	6.715887	2789
5182.617858	6.746811	2790
5183.618133	6.531884	2791
5184.629357	6.755805	2792
5185.630092	6.449216	2793
5186.640657	6.760270	2794
5187.644679	6.421343	2795
5188.650642	6.745877	2796
5189.658833	6.434415	2797
5190.661241	6.647893	2798
5191.673998	6.473735	2799
5192.672866	6.615577	2800
5193.684602	6.478600	2801
5194.684148	6.632544	2802
5195.695755	6.467063	2803
5196.695216	6.534615	2804
5197.708472	6.380889	2805
5198.708287	6.495218	2806
5199.719608	6.466287	2807
5200.720995	6.527284	2808
5201.731271	6.432873	2809
5202.731179	6.465370	2810
5203.744567	6.337574	2811
5204.744056	6.485772	2812
5205.758254	6.363366	2813
5206.755307	6.470698	2814
5207.768328	6.369295	2815
5208.766878	6.504806	2816
5209.779953	6.286756	2817
5210.780551	6.435193	2818
5211.790908	6.301432	2819
5212.795602	6.489975	2820
5213.802003	6.237990	2821
5214.808794	6.472099	2822
5215.814436	6.337733	2823
5216.821351	6.445930	2824
5217.821973	6.170348	2825
5218.834709	6.419598	2826
5219.834516	6.157197	2827
5220.848071	6.337433	2828
5221.848454	6.279056	2829
5222.856637	6.338892	2830
5223.861287	6.303643	2831
5224.868205	6.291799	2832
5225.873965	6.257543	2833
5226.878131	6.328944	2834
5227.888671	6.248100	2835
5228.889024	6.282002	2836
5229.901799	6.213200	2837
5230.900453	6.217415	2838
5231.913980	6.152232	2839
5232.912499	6.287440	2840
5233.924426	6.119797	2841
5234.924603	6.233600	2842
5235.935640	6.041398	2843
5236.937076	6.198704	2844
5237.948678	6.065686	2845
5238.949872	6.178851	2846
5239.959610	6.063206	2847
5240.959896	6.182070	2848
5241.972583	5.980227	2849
5242.972113	6.139622	2850
5243.985320	5.969021	2851
5244.984573	6.136469	2852
5245.995736	6.019663	2853
5246.996549	6.078193	2854
5248.008856	6.004351	2855
5249.008483	5.992088	2856
5250.020671	6.030231	2857
5251.022049	5.989436	2858
5252.029205	6.009733	2859
5253.037255	6.002090	2860
5254.040050	5.949526	2861
5255.049292	5.976399	2862
5256.049980	5.884627	2863
5257.061901	5.998079	2864
5258.060529	5.886194	2865
5259.073843	5.932412	2866
5260.072560	5.813699	2867
5261.086857	5.965510	2868
5262.086912	5.767426	2869
5263.098698	6.035861	2870
5264.101018	5.747087	2871
5265.106449	5.951095	2872
5266.112122	5.743657	2873
5267.117996	5.946634	2874
5268.126106	5.754450	2875
5269.128118	5.944168	2876
5270.140291	5.717512	2877
5271.140080	5.884564	2878
5272.150315	5.656930	2879
5273.152643	5.873231	2880
5274.162675	5.743491	2881
5275.162890	5.853415	2882
5276.174798	5.706253	2883
5277.173603	5.822496	2884
5278.187660	5.699229	2885
5279.186378	5.779376	2886
5280.199247	5.647589	2887
5281.199040	5.815490	2888
5282.209343	5.607333	2889
5283.211391	5.757019	2890
5284.221727	5.463971	2891
5285.222955	5.699202	2892
5286.232576	5.626500	2893
5287.238568	5.759765	2894
5288.242042	5.553409	2895
5289.249917	5.744973	2896
5290.252362	5.562190	2897
5291.263264	5.768910	2898
5292.262829	5.574580	2899
5293.276709	5.636674	2900
5294.273653	5.562413	2901
5295.287614	5.626362	2902
5296.287281	5.537113	2903
5297.298737	5.620780	2904
5298.299278	5.548400	2905
5299.309895	5.542211	2906
5300.313421	5.580970	2907
5301.320971	5.575276	2908
5302.325662	5.542589	2909
5303.331271	5.585649	2910
5304.338261	5.481298	2911
5305.340699	5.541590	2912
5306.352891	5.521033	2913
5307.353712	5.521546	2914
5308.365060	5.498787	2915
5309.364222	5.520970	2916
5310.376978	5.413740	2917
5311.375547	5.521256	2918
5312.387643	5.415278	2919
5313.388444	5.481949	2920
5314.401563	5.380620	2921
5315.399781	5.622880	2922
5316.409517	5.344464	2923
5317.410667	5.494457	2924
5318.424323	5.425448	2925
5319.420764	5.351401	2926
5320.433882	5.328801	2927
5321.433881	5.450029	2928
5322.445083	5.347115	2929
5323.446440	5.392401	2930
5324.456352	5.316224	2931
5325.460859	5.370568	2932
5326.466642	5.350701	2933
5327.473263	5.255732	2934
5328.477387	5.347960	2935
5329.485975	5.341552	2936
5330.489335	5.274933	2937
5331.499823	5.365148	2938
5332.497330	5.310937	2939
5333.512022	5.308962	2940
5334.509960	5.243041	2941
5335.523719	5.350068	2942
5336.521497	5.165380	2943
5337.534319	5.323092	2944
5338.534197	5.178949	2945
5339.545918	5.359354	2946
5340.545737	5.130579	2947
5341.556875	5.282604	2948
5342.559737	5.156469	2949
5343.567089	5.336492	2950
5344.572655	5.024994	2951
5345.578248	5.281623	2952
5346.586333	5.106120	2953
5347.588797	5.222597	2954
5348.598011	5.043690	2955
5349.600067	5.241854	2956
5350.608812	5.016185	2957
5351.610500	5.162070	2958
5352.620270	5.033458	2959
5353.623256	5.156086	2960
5354.632774	5.043521	2961
5355.635942	5.147721	2962
5356.644433	4.979449	2963
5357.646949	5.109479	2964
5358.655265	4.956071	2965
5359.660435	5.182152	2966
5360.666287	4.983842	2967
5361.673712	5.088275	2968
5362.676519	4.924033	2969
5363.686173	5.116091	2970
5364.686833	4.973677	2971
5365.698906	5.132448	2972
5366.696450	4.991323	2973
5367.709502	5.060366	2974
5368.708385	4.847902	2975
5369.722298	5.098776	2976
5370.719093	4.964054	2977
5371.733465	4.973119	2978
5372.732759	4.960275	2979
5373.744225	4.965073	2980
5374.745141	4.869398	2981
5375.754054	4.912275	2982
5376.757381	4.870419	2983
5377.764189	4.910850	2984
5378.770604	4.897101	2985
5379.776374	4.926278	2986
5380.784096	4.891268	2987
5381.786631	4.894351	2988
5382.796975	4.818211	2989
5383.798183	4.866472	2990
5384.809746	4.856406	2991
5385.808558	4.879802	2992
5386.821878	4.865735	2993
5387.819087	4.819401	2994
5388.833263	4.765025	2995
5389.831430	4.784502	2996
5390.843946	4.822524	2997
5391.842082	4.812645	2998
5392.856024	4.768672	2999
5393.853048	4.806083	3000
5394.865907	4.732265	3001
5395.868682	4.755081	3002
5396.876312	4.779744	3003
5397.879643	4.740728	3004
5398.886887	4.654987	3005
5399.892641	4.772818	3006
5400.898849	4.727614	3007
5401.905252	4.707313	3008
5402.909541	4.706998	3009
5403.918322	4.690155	3010
5404.920977	4.672918	3011
5405.931651	4.693094	3012
5406.932074	4.687595	3013
5407.942930	4.732683	3014
5408.941513	4.633383	3015
5409.955821	4.685702	3016
5410.952582	4.547802	3017
5411.965651	4.682532	3018
5412.964722	4.542224	3019
5413.977258	4.621808	3020
5414.976009	4.613192	3021
5415.989116	4.606502	3022
5416.990430	4.498991	3023
5417.999407	4.646645	3024
5419.001294	4.448844	3025
5420.011361	4.625905	3026
5421.015066	4.513897	3027
5422.020301	4.580185	3028
5423.026746	4.439380	3029
5424.032530	4.644377	3030
5425.037978	4.408001	3031
5426.044587	4.588656	3032
5427.049859	4.426816	3033
5428.054709	4.569895	3034
5429.061962	4.421199	3035
5430.066122	4.577551	3036
5431.072646	4.384724	3037
5432.078879	4.584784	3038
5433.081817	4.263451	3039
5434.092224	4.484948	3040
5435.095487	4.369180	3041
5436.103258	4.477416	3042
5437.106304	4.344641	3043
5438.115504	4.540502	3044
5439.115836	4.376035	3045
5440.127793	4.434944	3046
5441.128204	4.343695	3047
5442.139972	4.423559	3048
