crossing time (s)	slope (V/s)	crossing number
9262.663144	10.366143	4745
9263.681923	11.432657	4746
9264.677440	10.066944	4747
9265.696598	11.154722	4748
9266.693439	9.934055	4749
9267.712901	11.308382	4750
9268.707670	10.305392	4751
9269.725841	11.664646	4752
9270.724162	10.626244	4753
9271.740458	11.813567	4754
9272.740739	10.639407	4755
9273.752766	11.688598	4756
9274.754937	10.230641	4757
9275.769076	11.482481	4758
9276.766473	10.131538	4759
9277.785750	11.238809	4760
9278.781397	10.136773	4761
9279.799974	11.166608	4762
9280.797656	10.123735	4763
9281.812024	11.169383	4764
9282.814694	10.102521	4765
9283.827061	11.417724	4766
9284.826891	10.089798	4767
9285.843472	11.637900	4768
9286.840682	10.340638	4769
9287.859641	11.586952	4770
9288.854834	10.499409	4771
9289.874029	11.322234	4772
9290.871608	10.328561	4773
9291.885290	11.089158	4774
9292.888385	10.027754	4775
9293.899339	11.066493	4776
9294.902251	9.913077	4777
9295.910428	11.211197	4778
9296.916228	9.957663	4779
9297.928447	11.300256	4780
9298.930826	10.126934	4781
9299.944138	11.376860	4782
9300.943461	9.992311	4783
9301.958782	11.202737	4784
9302.959430	9.775788	4785
9303.974881	11.087493	4786
9304.974888	9.819299	4787
9305.987507	11.186475	4788
9306.989480	9.835466	4789
9308.000840	11.015439	4790
9309.004278	9.868083	4791
9310.016154	11.068405	4792
9311.019908	10.107611	4793
9312.030501	10.989084	4794
9313.031842	10.170911	4795
9314.046403	10.921696	4796
9315.044098	10.220377	4797
9316.063442	11.020999	4798
9317.060165	9.939011	4799
9318.076512	11.014073	4800
9319.075457	9.700679	4801
9320.090473	11.034193	4802
9321.092375	9.618677	4803
9322.102717	10.829292	4804
9323.106790	9.867791	4805
9324.117087	10.862865	4806
9325.120360	9.950065	4807
9326.132750	10.783169	4808
9327.132360	9.850094	4809
9328.149027	10.792562	4810
9329.144609	9.850932	4811
9330.164425	10.678557	4812
9331.161312	9.442652	4813
9332.178297	10.857986	4814
9333.177347	9.513452	4815
9334.190114	10.667823	4816
9335.192086	9.453788	4817
9336.204082	10.620650	4818
9337.207115	9.537524	4819
9338.217076	10.606222	4820
9339.220403	9.585814	4821
9340.232240	10.497475	4822
9341.235608	9.505188	4823
9342.247815	10.510374	4824
9343.249288	9.603845	4825
9344.261536	10.526824	4826
9345.265118	9.571664	4827
9346.276313	10.489247	4828
9347.278567	9.501320	4829
9348.288299	10.462314	4830
9349.293197	9.318453	4831
9350.304656	10.429725	4832
9351.305151	9.245323	4833
9352.320427	10.476718	4834
9353.318577	9.329952	4835
9354.335767	10.455383	4836
9355.333010	9.413085	4837
9356.350482	10.374043	4838
9357.346277	9.433042	4839
9358.365569	10.299709	4840
9359.362662	9.493433	4841
9360.378745	10.181544	4842
9361.379053	9.408215	4843
9362.391157	10.204477	4844
9363.393535	9.260533	4845
9364.403360	10.293858	4846
9365.407396	9.219956	4847
9366.419235	10.297253	4848
9367.420231	9.193497	4849
9368.437017	10.256306	4850
9369.432025	9.182533	4851
9370.451479	10.178925	4852
9371.446949	9.173601	4853
9372.466150	10.100417	4854
9373.460662	9.195779	4855
9374.478802	10.100402	4856
9375.476439	9.279393	4857
9376.493612	10.017391	4858
9377.490647	9.313297	4859
9378.506283	9.998582	4860
9379.505539	9.277741	4861
9380.521958	9.938148	4862
9381.520852	9.199606	4863
9382.533448	9.896399	4864
9383.534416	9.175144	4865
9384.549054	10.078990	4866
9385.547389	9.221728	4867
9386.562989	9.887824	4868
9387.562140	9.191027	4869
9388.578617	9.911228	4870
9389.574265	9.092868	4871
9390.593140	9.864626	4872
9391.589903	9.070095	4873
9392.608490	9.926535	4874
9393.603355	8.835834	4875
9394.622108	9.826484	4876
9395.619428	8.815964	4877
9396.635246	9.892686	4878
9397.635063	8.768695	4879
9398.648106	9.785857	4880
9399.650360	8.868416	4881
9400.660079	9.719220	4882
9401.665906	8.891344	4883
9402.676902	9.669769	4884
9403.677758	8.965279	4885
9404.690113	9.542583	4886
9405.690453	8.977176	4887
9406.706757	9.569514	4888
9407.703988	8.879496	4889
9408.722441	9.543423	4890
9409.716552	8.735444	4891
9410.735528	9.504639	4892
9411.731234	8.696110	4893
9412.748688	9.559463	4894
9413.745757	8.605392	4895
9414.764257	9.683957	4896
9415.760684	8.552343	4897
9416.777740	9.571640	4898
9417.775506	8.493578	4899
9418.790038	9.503549	4900
9419.790447	8.467451	4901
9420.805216	9.540296	4902
9421.804660	8.510970	4903
9422.818333	9.476128	4904
9423.818435	8.543626	4905
9424.834386	9.510724	4906
9425.832651	8.503114	4907
9426.847871	9.455997	4908
9427.845723	8.449217	4909
9428.863433	9.340100	4910
9429.858693	8.405880	4911
9430.876517	9.258318	4912
9431.873417	8.415247	4913
9432.890857	9.240591	4914
9433.888077	8.467494	4915
9434.904832	9.225003	4916
9435.902969	8.494765	4917
9436.918144	9.153772	4918
9437.917726	8.466858	4919
9438.931196	9.117758	4920
9439.933416	8.388297	4921
9440.943624	9.146889	4922
9441.947914	8.360216	4923
9442.957787	9.154550	4924
9443.962605	8.268897	4925
9444.972528	9.191281	4926
9445.975318	8.258990	4927
9446.987885	9.197108	4928
9447.989296	8.204708	4929
9449.003339	9.094832	4930
9450.001773	8.257657	4931
9451.017621	9.071428	4932
9452.014361	8.140441	4933
9453.032269	9.005460	4934
9454.029778	8.189434	4935
9455.045050	8.965636	4936
9456.041746	8.176901	4937
9457.060177	8.968033	4938
9458.056661	8.137816	4939
9459.074304	8.909449	4940
9460.069784	8.042483	4941
9461.088639	8.893884	4942
9462.085823	8.055233	4943
9463.102950	8.873266	4944
9464.097849	8.043162	4945
9465.115826	8.831762	4946
9466.112773	7.951647	4947
9467.130322	8.906606	4948
9468.126978	7.969260	4949
9469.144985	8.842882	4950
9470.142670	7.888641	4951
9471.156697	8.808618	4952
9472.157301	7.862519	4953
9473.169557	8.809301	4954
9474.171416	7.881174	4955
9475.182848	8.777505	4956
9476.188108	7.874675	4957
9477.195848	8.723169	4958
9478.202067	7.827142	4959
9479.211327	8.664242	4960
9480.216347	7.910521	4961
9481.224015	8.598077	4962
9482.228699	7.961029	4963
9483.240353	8.462907	4964
9484.242360	7.933504	4965
9485.255685	8.485306	4966
9486.253457	7.759983	4967
9487.270409	8.450269	4968
9488.269335	7.742895	4969
9489.284995	8.488395	4970
9490.281288	7.720032	4971
9491.299543	8.457178	4972
9492.295470	7.689677	4973
9493.312725	8.459638	4974
9494.309369	7.650086	4975
9495.327666	8.439429	4976
9496.322381	7.620228	4977
9497.340819	8.430994	4978
9498.337054	7.530811	4979
9499.355780	8.409836	4980
9500.350523	7.499571	4981
9501.367535	8.329799	4982
9502.366151	7.544613	4983
9503.382840	8.289096	4984
9504.378871	7.457078	4985
9505.396396	8.248936	4986
9506.393616	7.515791	4987
9507.410870	8.285213	4988
9508.407817	7.530472	4989
9509.424255	8.244396	4990
9510.420611	7.546840	4991
9511.437845	8.230417	4992
9512.436084	7.484946	4993
9513.450252	8.004046	4994
9514.451980	7.410527	4995
9515.463382	8.090159	4996
9516.466674	7.451967	4997
9517.475960	8.133232	4998
9518.481506	7.324098	4999
9519.488891	8.041619	5000
9520.497199	7.267953	5001
9521.503916	8.016714	5002
9522.510886	7.231154	5003
9523.516589	7.952913	5004
9524.523466	7.150371	5005
9525.531592	7.943557	5006
9526.535488	7.075738	5007
9527.548766	8.058507	5008
9528.550916	7.080962	5009
9529.561308	8.029149	5010
9530.564334	7.134709	5011
9531.577702	7.914023	5012
9532.576771	7.055310	5013
9533.590303	7.963356	5014
9534.589974	7.004329	5015
9535.604163	7.910650	5016
9536.603027	7.014761	5017
9537.619378	7.862701	5018
9538.618916	6.925294	5019
9539.632189	7.884665	5020
9540.632692	6.949571	5021
9541.646501	7.833850	5022
9542.645785	6.933656	5023
9543.659632	7.814696	5024
9544.660123	6.916354	5025
9545.673631	7.716575	5026
9546.675925	6.807954	5027
9547.685802	7.780783	5028
9548.690323	6.791346	5029
9549.698508	7.746201	5030
9550.705633	6.833015	5031
9551.712778	7.660496	5032
9552.719329	6.832462	5033
9553.725396	7.610680	5034
9554.734164	6.855910	5035
9555.739136	7.620586	5036
9556.745905	6.876216	5037
9557.754868	7.531680	5038
9558.760403	6.846470	5039
9559.768037	7.544953	5040
9560.775060	6.880768	5041
9561.782657	7.503858	5042
9562.787097	6.862713	5043
9563.798072	7.415027	5044
9564.798682	6.826681	5045
9565.811708	7.404968	5046
9566.812214	6.666464	5047
9567.827761	7.405525	5048
