crossing time (s)	slope (V/s)	crossing number
3792.641832	7.854904	1431
3793.644782	7.586550	1432
3794.653702	7.799416	1433
3795.657983	7.782840	1434
3796.668747	7.920368	1435
3797.668214	7.701481	1436
3798.680017	7.798075	1437
3799.680155	7.535025	1438
3800.689774	7.719499	1439
3801.694260	7.498590	1440
3802.702088	7.752748	1441
3803.706110	7.623333	1442
3804.713767	7.793502	1443
3805.721030	7.422625	1444
3806.723892	7.742330	1445
3807.735078	7.351778	1446
3808.735824	7.622155	1447
3809.746669	7.417201	1448
3810.748693	7.692421	1449
3811.759959	7.480041	1450
3812.760829	7.678046	1451
3813.771929	7.375925	1452
3814.771230	7.649053	1453
3815.783096	7.256157	1454
3816.782894	7.559278	1455
3817.796695	7.327532	1456
3818.795211	7.513755	1457
3819.808922	7.364118	1458
3820.809265	7.597861	1459
3821.818136	7.298539	1460
3822.819799	7.525662	1461
3823.831082	7.228117	1462
3824.833588	7.475100	1463
3825.841196	7.129851	1464
3826.847315	7.319279	1465
3827.851839	7.035970	1466
3828.860180	7.282982	1467
3829.863402	6.981190	1468
3830.873890	7.326978	1469
3831.874729	7.153726	1470
3832.884849	7.338528	1471
3833.886218	7.184659	1472
3834.896587	7.260280	1473
3835.899416	7.175097	1474
3836.909125	7.258128	1475
3837.912573	7.161845	1476
3838.919045	7.222551	1477
3839.925937	7.112198	1478
3840.929686	7.124883	1479
3841.940156	7.143990	1480
3842.942968	7.169282	1481
3843.951556	7.094095	1482
3844.952199	7.194965	1483
3845.963796	7.102052	1484
3846.963594	7.125303	1485
3847.978184	7.033194	1486
3848.976555	7.158279	1487
3849.990099	6.994726	1488
3850.987695	7.074507	1489
3851.999943	6.933372	1490
3852.998691	6.990525	1491
3854.013194	6.952393	1492
3855.012216	6.997662	1493
3856.025415	6.954897	1494
3857.024287	7.011791	1495
3858.035969	6.916860	1496
3859.034957	6.913247	1497
3860.048872	6.778523	1498
3861.049322	6.839271	1499
3862.060225	6.818423	1500
3863.063080	6.838020	1501
3864.070465	6.827248	1502
3865.075459	6.802899	1503
3866.081991	6.794803	1504
3867.086785	6.798943	1505
3868.092992	6.737379	1506
3869.101515	6.761522	1507
3870.103340	6.777202	1508
3871.114594	6.840097	1509
3872.116305	6.717847	1510
3873.127028	6.852326	1511
3874.127338	6.704785	1512
3875.138371	6.822557	1513
3876.137070	6.562668	1514
3877.149736	6.830628	1515
3878.151311	6.516733	1516
3879.160235	6.804146	1517
3880.165798	6.520261	1518
3881.171663	6.744851	1519
3882.177504	6.499263	1520
3883.181893	6.785472	1521
3884.189141	6.455843	1522
3885.193037	6.694565	1523
3886.202560	6.388443	1524
3887.205725	6.676489	1525
3888.214154	6.436663	1526
3889.217942	6.678961	1527
3890.225685	6.415191	1528
3891.229548	6.623273	1529
3892.238931	6.324757	1530
3893.241231	6.602407	1531
3894.252821	6.327441	1532
3895.253839	6.558836	1533
3896.262263	6.363250	1534
3897.266999	6.606277	1535
3898.274317	6.371901	1536
3899.280257	6.580881	1537
3900.286742	6.341365	1538
3901.291155	6.571716	1539
3902.296599	6.401166	1540
3903.304142	6.484453	1541
3904.306162	6.334692	1542
3905.317108	6.552375	1543
3906.319038	6.320651	1544
3907.328237	6.519053	1545
3908.330533	6.377262	1546
3909.338997	6.401895	1547
3910.341269	6.317557	1548
3911.353086	6.408197	1549
3912.355729	6.374983	1550
3913.362781	6.392011	1551
3914.369031	6.312656	1552
3915.375741	6.316316	1553
3916.380241	6.347086	1554
3917.386055	6.291488	1555
3918.392342	6.280859	1556
3919.396528	6.332587	1557
3920.406967	6.221055	1558
3921.407350	6.217694	1559
3922.419945	6.241115	1560
3923.419622	6.286031	1561
3924.430897	6.230171	1562
3925.431073	6.256736	1563
3926.442819	6.190581	1564
3927.442032	6.204405	1565
3928.454767	6.226398	1566
3929.454921	6.203246	1567
3930.465912	6.196333	1568
3931.466315	6.245665	1569
3932.477304	6.194712	1570
3933.477904	6.204114	1571
3934.489910	6.161931	1572
3935.490634	6.109867	1573
3936.500012	6.132755	1574
3937.504472	6.114287	1575
3938.511843	6.052206	1576
3939.516150	6.101256	1577
3940.524313	6.093171	1578
3941.530116	6.084251	1579
3942.532531	6.072286	1580
3943.543050	6.131764	1581
3944.544239	6.038982	1582
3945.555080	6.122553	1583
3946.555968	6.043050	1584
3947.567187	6.126694	1585
3948.567643	5.911780	1586
3949.578738	6.102587	1587
3950.580347	5.862218	1588
3951.589390	6.042972	1589
3952.592614	5.899436	1590
3953.601038	6.006990	1591
3954.604204	5.824826	1592
3955.611595	6.100946	1593
3956.618219	5.791279	1594
3957.621497	5.944516	1595
3958.631441	5.797431	1596
3959.636419	5.898389	1597
3960.641641	5.726611	1598
3961.646313	5.972303	1599
3962.655061	5.766180	1600
3963.658299	5.959909	1601
3964.666879	5.744632	1602
3965.670722	5.943909	1603
3966.678020	5.687233	1604
3967.682609	5.914925	1605
3968.690329	5.670721	1606
3969.694711	5.942022	1607
3970.701329	5.650024	1608
3971.707037	5.869407	1609
3972.712402	5.628692	1610
3973.719929	5.840765	1611
3974.723558	5.597513	1612
3975.732004	5.811231	1613
3976.735891	5.701770	1614
3977.742888	5.777602	1615
3978.745727	5.559583	1616
3979.756629	5.723736	1617
3980.757471	5.655996	1618
3981.767875	5.677170	1619
3982.769216	5.599411	1620
3983.779982	5.682487	1621
3984.781015	5.629246	1622
3985.791983	5.741233	1623
3986.791875	5.594270	1624
3987.802509	5.653729	1625
3988.807586	5.576346	1626
3989.812351	5.642317	1627
3990.818978	5.575383	1628
3991.824016	5.524040	1629
3992.829880	5.540966	1630
3993.835073	5.564936	1631
3994.842123	5.483578	1632
3995.845641	5.548355	1633
3996.855919	5.520896	1634
3997.855746	5.516271	1635
3998.867377	5.529782	1636
3999.868815	5.470121	1637
4000.878547	5.473213	1638
4001.879430	5.444070	1639
4002.891207	5.390895	1640
4003.892127	5.458770	1641
4004.903164	5.440561	1642
4005.906108	5.432413	1643
4006.914286	5.472549	1644
4007.917650	5.482879	1645
4008.924410	5.421510	1646
4009.928297	5.432464	1647
4010.935879	5.402588	1648
4011.939667	5.383618	1649
4012.947464	5.425975	1650
4013.955220	5.384331	1651
4014.956757	5.333425	1652
4015.967646	5.370505	1653
4016.968119	5.244096	1654
4017.978129	5.402537	1655
4018.979999	5.232141	1656
4019.991186	5.251606	1657
4020.992249	5.226236	1658
4022.002038	5.368849	1659
4023.004052	5.209861	1660
4024.014020	5.407324	1661
4025.016273	5.272794	1662
4026.025299	5.369657	1663
4027.029241	5.145858	1664
4028.036486	5.376204	1665
4029.039730	5.152840	1666
4030.046940	5.312425	1667
4031.052435	5.094720	1668
4032.059168	5.267676	1669
4033.064459	5.078592	1670
4034.071462	5.283319	1671
4035.077091	5.071779	1672
4036.081673	5.264152	1673
4037.088865	5.004850	1674
4038.094829	5.295776	1675
4039.099775	5.071739	1676
4040.106361	5.214656	1677
4041.112556	5.010333	1678
4042.117479	5.268429	1679
4043.123639	4.979377	1680
4044.130496	5.166933	1681
4045.135615	5.024446	1682
4046.142554	5.167860	1683
4047.145873	4.968757	1684
4048.156176	5.149681	1685
4049.158099	4.967996	1686
4050.167231	5.160160	1687
4051.170055	4.959247	1688
4052.178913	5.153740	1689
4053.179727	4.937771	1690
4054.191079	5.044031	1691
4055.191740	4.938881	1692
4056.203661	5.078016	1693
4057.203251	4.945991	1694
4058.215554	4.986280	1695
4059.214749	4.955354	1696
4060.224929	5.024164	1697
4061.227284	4.900345	1698
4062.237182	5.007953	1699
4063.240303	4.924995	1700
4064.247690	4.893933	1701
4065.253411	4.934354	1702
4066.258653	4.923160	1703
4067.266002	4.881549	1704
4068.271316	4.927292	1705
4069.277699	4.915059	1706
4070.281868	4.892876	1707
4071.289463	4.890034	1708
4072.292317	4.916522	1709
4073.299927	4.933286	1710
4074.304502	4.858602	1711
4075.312260	4.792268	1712
4076.315224	4.838184	1713
4077.323550	4.816556	1714
4078.326987	4.816317	1715
4079.338211	4.846987	1716
4080.338455	4.874338	1717
4081.347733	4.801214	1718
4082.350709	4.809403	1719
4083.358532	4.835877	1720
4084.363341	4.783311	1721
4085.370554	4.720257	1722
4086.376158	4.713609	1723
4087.380839	4.694550	1724
4088.388422	4.761775	1725
4089.392572	4.754451	1726
4090.400612	4.727922	1727
4091.403291	4.711196	1728
4092.411880	4.740954	1729
4093.414603	4.686542	1730
4094.423220	4.774942	1731
4095.426057	4.674726	1732
4096.436832	4.746247	1733
4097.437011	4.635031	1734
4098.447596	4.696267	1735
4099.448808	4.552580	1736
