time (s)	theta (A)	maj axis/z0	min axis/z0	crossing#mod 255
5624.646511	8.774164	1.361993	-0.102706	143
5626.659869	9.114046	1.361469	-0.102794	145
5628.672580	9.124324	1.359399	-0.103249	147
5630.684865	9.081927	1.358101	-0.103975	149
5632.697045	8.917063	1.356138	-0.103809	151
5634.709022	8.772493	1.352730	-0.103619	153
5636.720835	8.666233	1.351270	-0.103935	155
5638.732643	8.570062	1.351062	-0.103561	157
5640.743968	8.347768	1.350869	-0.103764	159
5642.754811	8.148754	1.347782	-0.103123	161
5644.764771	7.936831	1.345869	-0.102968	163
5646.775085	7.793777	1.341817	-0.103337	165
5648.786663	7.703822	1.338676	-0.104462	167
5650.799573	7.605978	1.334247	-0.105417	169
5652.814183	7.605066	1.332256	-0.105827	171
5654.828013	7.613919	1.333565	-0.105290	173
5656.840303	7.626193	1.336275	-0.104515	175
5658.851127	7.522523	1.335910	-0.103531	177
5660.860960	7.315171	1.333805	-0.103653	179
5662.871207	7.060427	1.329791	-0.104408	181
5664.882569	6.860865	1.326394	-0.104643	183
5666.894310	6.742134	1.323429	-0.105355	185
5668.906382	6.644499	1.321160	-0.105640	187
5670.918654	6.512326	1.319001	-0.105817	189
5672.930623	6.395206	1.318349	-0.106065	191
5674.942318	6.258626	1.316680	-0.106240	193
5676.954057	6.089998	1.314880	-0.106560	195
5678.965738	5.934692	1.312369	-0.106288	197
5680.977955	5.951137	1.310188	-0.105650	199
5682.991105	6.113342	1.309559	-0.105119	201
5685.004805	6.482865	1.308976	-0.105753	203
5687.018518	6.849957	1.306180	-0.105249	205
5689.031393	7.001956	1.304479	-0.105878	207
5691.042776	6.658358	1.304072	-0.106435	209
5693.053180	6.310931	1.302461	-0.106977	211
5695.063129	5.680216	1.299340	-0.107117	213
5697.073512	5.322765	1.297392	-0.106628	215
5699.084682	5.120253	1.293840	-0.106334	217
5701.096824	5.044337	1.292056	-0.106173	219
5703.109423	5.199854	1.287287	-0.106134	221
5705.122010	5.264699	1.286695	-0.106750	223
5707.134534	5.427970	1.286330	-0.106544	225
5709.146747	5.351295	1.287438	-0.106661	227
5711.158578	5.272054	1.286487	-0.107335	229
5713.170029	5.153873	1.284841	-0.107926	231
5715.181384	5.030931	1.283049	-0.107450	233
5717.192428	4.893011	1.282155	-0.107839	235
5719.203659	4.695083	1.280064	-0.108176	237
5721.215140	4.644195	1.274891	-0.108084	239
5723.227061	4.561591	1.272075	-0.108769	241
5725.239622	4.593887	1.271987	-0.109855	243
5727.253144	4.606841	1.270901	-0.110051	245
5729.266638	4.625301	1.268362	-0.109990	247
5731.280020	4.650943	1.268491	-0.110184	249
5733.292096	4.673790	1.268371	-0.109951	251
5735.303081	4.624456	1.268326	-0.109480	253
5737.313884	4.468116	1.266186	-0.109176	255
5739.324470	4.226432	1.263999	-0.109076	1
5741.334895	4.045848	1.261912	-0.109070	3
5743.346098	3.834956	1.259765	-0.109837	5
5745.357523	3.658893	1.258799	-0.110264	7
5747.368872	3.525145	1.258105	-0.110453	9
5749.380823	3.423028	1.258712	-0.110949	11
5751.392759	3.328807	1.257217	-0.111092	13
5753.404995	3.373828	1.255805	-0.111051	15
5755.417610	3.369007	1.253324	-0.110839	17
5757.430490	3.505739	1.249030	-0.110707	19
5759.443392	3.718176	1.245943	-0.110177	21
5761.456128	3.852112	1.245144	-0.110842	23
5763.468556	3.895911	1.243207	-0.110861	25
5765.480496	3.814040	1.242771	-0.111647	27
5767.491496	3.453459	1.240348	-0.112465	29
5769.502125	3.089755	1.238434	-0.112914	31
5771.512579	2.765448	1.236627	-0.113127	33
5773.522957	2.429014	1.238193	-0.114103	35
5775.533949	2.124835	1.233645	-0.113650	37
5777.544981	1.977015	1.232986	-0.113820	39
5779.556786	1.935054	1.230408	-0.113564	41
5781.568825	1.946544	1.230534	-0.113933	43
5783.580383	1.821652	1.228404	-0.114108	45
5785.592318	1.845480	1.223787	-0.113474	47
5787.604369	1.786566	1.223581	-0.114196	49
5789.615904	1.686845	1.222442	-0.114575	51
5791.627658	1.621346	1.220693	-0.114642	53
5793.639124	1.567425	1.217101	-0.114378	55
5795.651032	1.426932	1.216831	-0.115168	57
5797.663122	1.508349	1.216016	-0.115689	59
5799.675786	1.460270	1.214172	-0.116366	61
5801.688980	1.475785	1.212285	-0.116138	63
5803.701930	1.498386	1.209301	-0.116259	65
5805.714779	1.542150	1.209560	-0.116422	67
5807.727247	1.575683	1.210163	-0.116013	69
5809.739067	1.632989	1.211898	-0.116573	71
5811.750346	1.424466	1.208038	-0.115317	73
5813.761435	1.334401	1.205546	-0.115130	75
5815.772343	1.172725	1.203737	-0.115215	77
5817.783055	0.979939	1.202410	-0.115483	79
5819.794248	0.809281	1.198963	-0.115726	81
5821.805193	0.690820	1.197555	-0.115848	83
5823.816826	0.532500	1.196757	-0.116240	85
5825.828799	0.463709	1.194345	-0.116415	87
5827.840526	0.432440	1.191153	-0.116060	89
5829.852895	0.474916	1.189873	-0.116312	91
5831.865470	0.500123	1.187471	-0.116576	93
5833.878086	0.595182	1.185293	-0.116667	95
5835.890462	0.715161	1.184327	-0.117268	97
5837.902927	0.655409	1.182970	-0.117486	99
5839.915401	0.687653	1.181148	-0.117948	101
5841.926565	0.483486	1.179959	-0.118114	103
5843.937743	0.212214	1.179093	-0.118859	105
5845.948459	359.934326	1.178264	-0.119245	107
5847.958802	359.622528	1.176180	-0.119770	109
5849.969593	359.369141	1.174413	-0.119623	111
5851.980098	359.080811	1.171975	-0.119357	113
5853.991241	358.922791	1.168398	-0.119206	115
5856.002597	358.849609	1.166542	-0.119395	117
5858.013883	358.742950	1.166197	-0.119482	119
5860.025597	358.650269	1.165897	-0.119596	121
5862.037350	358.558044	1.162422	-0.119772	123
5864.048817	358.529999	1.161475	-0.119663	125
5866.060862	358.524048	1.160400	-0.120088	127
5868.072932	358.452637	1.159965	-0.120666	129
5870.085116	358.368652	1.156798	-0.120777	131
5872.097445	358.417572	1.157104	-0.121127	133
5874.109874	358.415192	1.157451	-0.121599	135
5876.122718	358.438477	1.156920	-0.121983	137
5878.135698	358.502869	1.155265	-0.122429	139
5880.148180	358.443542	1.154062	-0.122292	141
5882.160514	358.517548	1.152975	-0.121857	143
5884.172719	358.497803	1.149335	-0.121513	145
5886.184397	358.444122	1.147460	-0.121471	147
5888.195322	358.287933	1.145304	-0.121175	149
5890.206427	358.222717	1.145314	-0.121179	151
5892.217382	358.095184	1.143263	-0.121004	153
5894.228068	357.871521	1.139647	-0.120775	155
5896.239508	357.776520	1.136746	-0.120417	157
5898.250835	357.672852	1.135259	-0.120909	159
5900.262256	357.566193	1.133277	-0.120787	161
5902.274202	357.534454	1.132553	-0.121009	163
5904.286142	357.555542	1.129989	-0.121250	165
5906.298333	357.522644	1.129308	-0.120911	167
5908.310636	357.513977	1.127865	-0.121124	169
5910.322715	357.574005	1.126246	-0.121427	171
5912.334898	357.548431	1.124482	-0.121529	173
5914.347081	357.477234	1.124558	-0.122104	175
5916.358442	357.457153	1.123407	-0.122315	177
5918.369693	357.178833	1.122143	-0.122813	179
5920.380598	356.900513	1.121798	-0.123524	181
5922.391444	356.642639	1.119435	-0.123763	183
5924.401909	356.393921	1.117080	-0.123527	185
5926.412646	356.157593	1.114879	-0.123785	187
5928.423326	356.028900	1.111574	-0.123601	189
