crossing time (s)	slope (V/s)	crossing number
6913.022878	7.735080	4466
6914.023610	7.842469	4467
6915.035276	7.623201	4468
6916.034791	7.832660	4469
6917.048481	7.562076	4470
6918.046270	7.772820	4471
6919.062193	7.592389	4472
6920.058079	7.857609	4473
6921.070632	7.611507	4474
6922.068751	7.782856	4475
6923.087221	7.628503	4476
6924.081162	7.724376	4477
6925.099319	7.586778	4478
6926.093242	7.683197	4479
6927.110369	7.839188	4480
6928.104385	7.665161	4481
6929.120471	7.821645	4482
6930.118886	7.698190	4483
6931.130441	7.775587	4484
6932.133591	7.706905	4485
6933.141745	7.785744	4486
6934.144281	7.805443	4487
6935.154461	7.793260	4488
6936.156845	7.778795	4489
6937.167197	7.663758	4490
6938.165960	7.812630	4491
6939.182656	7.638406	4492
6940.177016	7.802882	4493
6941.194922	7.640155	4494
6942.188501	7.682976	4495
6943.206205	7.647869	4496
6944.200059	7.659080	4497
6945.216823	7.669239	4498
6946.214468	7.605944	4499
6947.228353	7.622575	4500
6948.226167	7.572630	4501
6949.240494	7.558913	4502
6950.240878	7.483851	4503
6951.251037	7.614235	4504
6952.251868	7.558440	4505
6953.261857	7.595268	4506
6954.264410	7.579622	4507
6955.273478	7.579327	4508
6956.276056	7.491403	4509
6957.287676	7.549472	4510
6958.287689	7.408600	4511
6959.299060	7.534866	4512
6960.298326	7.475133	4513
6961.312796	7.503331	4514
6962.308218	7.468014	4515
6963.324723	7.460413	4516
6964.318501	7.372853	4517
6965.337565	7.380558	4518
6966.330729	7.391846	4519
6967.350569	7.303105	4520
6968.344227	7.436845	4521
6969.360859	7.303900	4522
6970.355973	7.487836	4523
6971.369875	7.337971	4524
6972.371058	7.460618	4525
6973.381124	7.361429	4526
6974.384126	7.376945	4527
6975.390954	7.355928	4528
6976.396342	7.315665	4529
6977.403104	7.337756	4530
6978.406844	7.279570	4531
6979.416388	7.326913	4532
6980.415821	7.281386	4533
6981.431264	7.297150	4534
6982.427968	7.298834	4535
6983.444675	7.287260	4536
6984.438097	7.294363	4537
6985.457272	7.280437	4538
6986.448431	7.329970	4539
6987.469739	7.319135	4540
6988.461475	7.199191	4541
6989.480294	7.267606	4542
6990.472903	7.272810	4543
6991.491142	7.277437	4544
6992.484821	7.298895	4545
6993.504004	7.260296	4546
6994.495601	7.225751	4547
6995.516864	7.218252	4548
6996.507628	7.152275	4549
6997.527062	7.210672	4550
6998.521664	7.104297	4551
6999.538469	7.148855	4552
7000.533743	7.160827	4553
7001.549244	7.240509	4554
7002.547596	7.113458	4555
7003.559514	7.209047	4556
7004.560228	7.143541	4557
7005.570941	7.175996	4558
7006.573634	7.106993	4559
7007.581666	7.161868	4560
7008.586946	7.065294	4561
7009.592748	7.006840	4562
7010.597053	7.129332	4563
7011.607254	6.963801	4564
7012.607615	7.136896	4565
7013.619963	6.997365	4566
7014.616344	7.128146	4567
7015.633767	6.925950	4568
7016.627434	7.123239	4569
7017.646518	7.005549	4570
7018.637217	7.006762	4571
7019.658110	6.970543	4572
7020.651113	7.001498	4573
7021.670118	6.920885	4574
7022.663872	6.958864	4575
7023.682141	6.932157	4576
7024.673540	6.985014	4577
7025.692449	6.969912	4578
7026.685596	6.911783	4579
7027.703960	6.938807	4580
7028.698707	6.856453	4581
7029.715770	6.853570	4582
7030.712125	6.920274	4583
7031.728964	6.936345	4584
7032.722459	6.851869	4585
7033.741378	6.874268	4586
7034.732488	6.894648	4587
7035.752256	6.884455	4588
7036.745028	6.831291	4589
7037.764205	6.877036	4590
7038.755696	6.856312	4591
7039.776747	6.813968	4592
7040.767577	6.845803	4593
7041.788580	6.861682	4594
7042.782354	6.774249	4595
7043.798781	6.707661	4596
7044.794992	6.814714	4597
7045.809320	6.742154	4598
7046.808378	6.772918	4599
7047.818048	6.770609	4600
7048.821071	6.799434	4601
7049.828460	6.766697	4602
7050.833308	6.719018	4603
7051.840764	6.751792	4604
7052.845527	6.684658	4605
7053.853489	6.741907	4606
7054.855315	6.770416	4607
7055.865958	6.740580	4608
7056.865879	6.696261	4609
7057.878716	6.725818	4610
7058.877780	6.706831	4611
7059.892003	6.691038	4612
7060.887590	6.643301	4613
7061.904956	6.733958	4614
7062.897630	6.576159	4615
7063.914985	6.593186	4616
7064.910967	6.620286	4617
7065.928766	6.647390	4618
7066.923123	6.604893	4619
7067.941112	6.627443	4620
7068.933966	6.677984	4621
7069.952538	6.615722	4622
7070.947599	6.514730	4623
7071.964574	6.617360	4624
7072.959391	6.537014	4625
7073.974647	6.578665	4626
7074.972495	6.552589	4627
7075.984813	6.631870	4628
7076.985583	6.477590	4629
7077.995484	6.508647	4630
7078.996235	6.543103	4631
7080.006592	6.543638	4632
7081.010074	6.537050	4633
7082.017508	6.507559	4634
7083.022038	6.514619	4635
7084.028568	6.479878	4636
7085.033511	6.560197	4637
7086.042535	6.460895	4638
7087.041730	6.471589	4639
7088.054395	6.402049	4640
7089.053399	6.465948	4641
7090.068792	6.418210	4642
7091.064606	6.467728	4643
7092.080182	6.419290	4644
7093.074876	6.412422	4645
7094.093856	6.394471	4646
7095.086949	6.380640	4647
7096.104100	6.343620	4648
7097.098097	6.402240	4649
7098.117580	6.326360	4650
7099.109073	6.535110	4651
7100.131283	6.348355	4652
7101.118409	6.433650	4653
7102.142053	6.402751	4654
7103.131334	6.332599	4655
7104.151053	6.310670	4656
7105.146108	6.375531	4657
7106.163265	6.289010	4658
7107.155506	6.337031	4659
7108.177298	6.318078	4660
7109.166497	6.279541	4661
7110.188695	6.319570	4662
7111.179287	6.226526	4663
7112.198288	6.258004	4664
7113.192952	6.307481	4665
7114.210408	6.230807	4666
7115.203704	6.320669	4667
7116.223787	6.214496	4668
7117.214516	6.280252	4669
7118.232486	6.263715	4670
7119.228035	6.240249	4671
7120.243801	6.267916	4672
7121.242256	6.214456	4673
7122.254471	6.212417	4674
7123.255513	6.221696	4675
7124.263673	6.154706	4676
7125.268056	6.168149	4677
7126.275622	6.141775	4678
7127.280955	6.172658	4679
7128.286694	6.182627	4680
7129.290279	6.162194	4681
7130.299591	6.183138	4682
7131.302621	6.137158	4683
7132.311876	6.127971	4684
7133.313219	6.131987	4685
7134.322856	6.131899	4686
7135.323034	6.112744	4687
7136.337280	6.107009	4688
7137.334489	6.062319	4689
7138.349471	6.095319	4690
7139.345878	6.069040	4691
7140.360295	6.071745	4692
7141.357707	6.049169	4693
7142.371964	6.047516	4694
7143.369389	6.007087	4695
7144.384824	6.073717	4696
7145.382344	6.072171	4697
7146.396109	6.054333	4698
7147.394056	6.012342	4699
7148.405569	6.046307	4700
7149.404769	5.988209	4701
7150.417069	6.001310	4702
7151.419145	5.966663	4703
7152.427912	5.974450	4704
7153.432537	5.938225	4705
7154.437997	5.974249	4706
7155.443175	5.953376	4707
7156.450423	5.955354	4708
7157.454426	5.941760	4709
7158.463081	5.957858	4710
7159.466419	5.936601	4711
7160.473294	5.950348	4712
7161.476635	5.966063	4713
7162.486598	5.821120	4714
7163.487506	5.850819	4715
7164.500167	5.848218	4716
7165.498838	5.914421	4717
7166.514480	5.899215	4718
7167.508004	5.815516	4719
7168.525448	5.790107	4720
7169.519564	5.852284	4721
7170.537591	5.821685	4722
7171.531303	5.840324	4723
7172.549801	5.752518	4724
7173.541442	5.782729	4725
7174.561035	5.852108	4726
7175.554283	5.825240	4727
7176.573395	5.761094	4728
7177.566346	5.824196	4729
7178.585355	5.720566	4730
7179.576653	5.764425	4731
7180.597680	5.809181	4732
7181.588198	5.725916	4733
7182.609347	5.774440	4734
7183.600077	5.763740	4735
7184.621618	5.681465	4736
7185.611692	5.775224	4737
7186.632614	5.727475	4738
7187.623182	5.717553	4739
7188.642562	5.700738	4740
7189.637512	5.693889	4741
7190.653471	5.685199	4742
7191.650097	5.689203	4743
7192.664099	5.678157	4744
7193.660635	5.695110	4745
7194.672750	5.656785	4746
7195.673395	5.633293	4747
7196.685806	5.690538	4748
7197.686703	5.628348	4749
7198.695534	5.638061	4750
7199.700750	5.703171	4751
7200.705620	5.682351	4752
7201.710263	5.667102	4753
7202.718722	5.643442	4754
7203.722459	5.610858	4755
7204.729973	5.608148	4756
7205.734556	5.631794	4757
7206.743206	5.636934	4758
7207.743767	5.648835	4759
7208.754989	5.595152	4760
7209.756082	5.539957	4761
7210.766718	5.559916	4762
7211.767468	5.530527	4763
7212.777300	5.560813	4764
7213.779155	5.499724	4765
7214.789660	5.531880	4766
7215.788485	5.491982	4767
7216.803176	5.572621	4768
7217.801992	5.501955	4769
7218.814788	5.566897	4770
